0







3
3



25
28
31


51


57

65
66
71
82
83
88
95
97
99
100




101
107




136


146


163
168







200
207





230


241














































373


383
382

393

399



416
418
419
420
417
423
428
434


436










473


489










522
537
538
541
543
547







580

587





620

632





675
678
681
685
694
691
697
702
703
709
716
723
730
734
732
736
737
737
747
752
754
761
771
777
780
779
783
792
794
804
808
815
826
833
835
840
848
852
855
862
866
871
874
882
890
895
897
906
910
916
919
922
930
932
940
944
950
958
965
974
976
982
982
985
995
1005
1011
1014
1019
1026
1035
1037
1040
1043
1041
1050
1056
1059
1065
1071
1075
1078
1080
1088
1089
1087
1090
1096
1102
1110
1115
1126
1130
1137
1138
1143
1144
1151
1156
1160
1167
1170
1172
1180
1188
1195
1197
1202
1204
1211
1214
1216
1222
1227
1228
1231
1234
1243
1248
1251
1254
1262
1269
1271
1274
1277
1281
1286
1285
1286
1290
1296
1301
1306
1307
1311
1315
1316
1318
1324
1330
1333
1334
1335
1340
1342
1346
1350
1358
1358
1370
1376
1381
1385
1388
1391
1394
1395
1395
1398
1402
1405
1404
1407
1412
1416
1418
1418
1421
1425
1430
1435
1444
1447
1448
1449
1452
1456
1455
1456
1460
1467
1468
1469
1470
1475
1478
1481
1488
1492
1496
1501
1504
1508
1512
1517
1521
1526
1527
1529
1537
1539
1543
1543
1543
1548
1550
1552
1554
1558
1560
1561
1563
1567
1568
1578
1583
1589
1588
1589


1592
1592
1595
1594
1595
1596
1600
1602
1605
1610
1611
1615
1616
1617
1621
1622
1624
1626
1630
1631
1631
1636
1637
1638

1640
1642
1644
1646
1647
1648
1649
1652
1654
1656
1659
1660
1662
1665
1667
1667
1667
1669
1671
1674